111 13 109 227 199 4
111 99 234 263 306 4
111 416 238 666 316 4
111 809 241 991 316 4
111 38 352 249 438 4
111 38 495 334 570 4
111 41 609 424 695 4
111 34 738 206 813 4
111 38 870 274 945 4
111 41 984 356 1074 4
111 31 1124 224 1195 4
111 38 1238 195 1324 4
111 31 1370 216 1449 4
111 38 1495 163 1566 4
111 38 1638 181 1699 4
111 38 1759 241 1834 4
111 56 1895 1024 2049 1
111 56 2091 166 2202 1
111 263 2081 395 2206 1
111 481 2066 624 2202 1
111 699 2081 838 2199 1
111 927 2099 1041 2206 1
112 9 116 238 188 4
112 84 234 274 316 4
112 424 249 659 309 4
112 824 238 984 316 4
112 34 363 238 456 4
112 31 491 277 570 4
112 41 620 220 699 4
112 38 741 256 824 4
112 38 870 170 949 4
112 41 995 156 1074 4
112 34 1134 181 1202 4
112 34 1252 159 1327 4
112 41 1381 227 1459 4
112 45 1502 349 1581 4
112 38 1631 349 1706 4
112 34 1756 277 1831 4
112 59 1891 1016 2041 1
112 34 2074 181 2206 1
112 259 2081 395 2202 1
112 477 2077 627 2202 1
112 691 2081 831 2195 1
112 924 2084 1041 2202 1
113 91 227 270 324 4
113 384 231 688 313 4
113 816 238 1005 320 4
113 13 106 220 206 4
113 49 377 252 470 4
113 49 513 245 599 4
113 41 652 288 734 4
113 35 780 285 880 4
113 27 920 391 1016 4
113 38 1056 245 1138 4
113 53 1195 242 1274 4
113 38 1331 188 1413 4
113 34 1459 306 1549 4
113 27 1591 324 1681 4
113 41 1724 249 1813 4
113 45 1859 252 1952 4
113 45 2020 1016 2174 1
113 43 2214 171 2336 1
113 265 2209 398 2336 1
113 476 2192 619 2340 1
113 693 2203 837 2325 1
113 915 2214 1054 2336 1
114 6 109 238 206 4
114 84 234 277 316 4
114 402 231 677 324 4
114 802 245 995 320 4
114 34 356 309 452 4
114 31 495 224 584 4
114 38 638 156 709 4
114 27 777 216 849 4
114 38 909 277 991 4
114 38 1045 366 1127 4
114 38 1170 495 1263 4
114 24 1320 224 1395 4
114 49 1449 291 1524 4
114 31 1574 409 1666 4
114 34 1716 231 1799 4
114 31 1856 231 1934 4
114 49 2016 1027 2166 1
114 48 2209 182 2325 1
114 259 2203 393 2320 1
114 471 2198 626 2331 1
114 693 2198 832 2331 1
114 921 2203 1048 2331 1
115 6 116 234 195 4
115 88 241 281 309 4
115 402 245 684 316 4
115 799 238 1006 316 4
115 27 366 213 456 4
115 27 502 206 591 4
115 34 638 238 727 4
115 31 774 299 866 4
115 31 909 327 995 4
115 38 1038 245 1134 4
115 34 1191 306 1270 4
115 31 1324 270 1395 4
115 34 1452 277 1538 4
115 38 1584 195 1677 4
115 31 1724 177 1806 4
115 31 1863 188 1945 4
115 63 2024 1024 2166 1
115 37 2214 176 2336 1
115 259 2209 398 2320 1
115 471 2203 626 2331 1
115 698 2209 826 2331 1
115 904 2203 1059 2331 1
11 123 63 958 189 1
11 944 221 1035 310 1
11 432 227 641 301 4
11 26 507 988 636 4
11 47 663 138 754 3
11 47 798 135 877 3
11 41 927 135 1007 3
11 44 1048 132 1124 3
11 141 686 399 754 4
11 144 813 388 877 4
11 141 936 444 1001 4
11 141 1057 426 1127 4
11 332 1642 732 1730 4
11 914 1630 1023 1757 1
11 23 221 85 313 1
11 82 236 199 298 4
11 458 351 617 433 4
12 123 68 961 198 1
12 29 227 82 301 1
12 82 233 194 298 4
12 441 233 647 301 4
12 950 225 1029 296 1
12 458 357 617 427 4
12 23 504 997 639 4
12 41 666 132 754 3
12 41 795 138 880 3
12 44 918 132 1004 3
12 47 1045 135 1133 3
12 132 683 402 748 4
12 138 816 391 871 4
12 138 930 441 1001 4
12 138 1057 429 1127 4
12 358 1651 744 1745 4
12 944 1648 1014 1736 1
13 120 51 958 192 1
13 26 221 85 301 1
13 88 242 199 289 4
13 447 218 623 298 4
13 947 230 1032 304 1
13 461 360 611 424 4
13 35 501 1002 580 4
13 44 616 132 707 3
13 52 739 138 824 3
13 44 866 132 948 3
13 41 992 138 1077 3
13 135 624 173 689 4
13 138 751 176 813 4
13 141 877 176 933 4
13 138 1007 179 1068 4
13 332 1648 761 1733 4
13 941 1648 1014 1748 1
13 61 1642 147 1748 1
211 38 127 124 216 1
211 184 124 574 224 4
211 845 141 924 220 1
211 974 134 1063 213 1
211 49 288 245 366 4
211 227 341 859 1238 1
211 45 1584 1020 1802 4
211 41 1859 288 2063 1
211 416 1859 663 2074 1
211 816 1856 1031 2077 1
211 2 2091 1080 2332 1
212 34 131 127 217 1
212 188 138 513 224 4
212 838 138 934 213 1
212 981 134 1052 213 1
212 45 274 270 385 4
212 24 513 1063 1313 1
212 38 1570 991 1820 4
212 49 1859 263 2074 1
212 434 1856 652 2077 1
212 813 1859 1045 2077 1
212 2 2091 1078 2340 1
213 41 124 145 213 1
213 206 116 388 220 4
213 806 113 916 216 1
213 952 127 1066 209 1
213 49 295 216 374 4
213 220 338 863 1241 1
213 34 1491 988 1759 4
213 49 1813 284 2052 1
213 402 1813 663 2052 1
213 784 1809 1027 2049 1
213 6 2072 1080 2333 1
214 45 124 131 216 1
214 206 131 416 216 4
214 820 124 909 209 1
214 970 116 1056 213 1
214 49 295 252 374 4
214 205 309 873 1252 1
214 38 1502 988 1749 4
214 52 1802 291 2052 1
214 414 1813 674 2053 1
214 791 1816 1034 2045 1
214 6 2070 1080 2333 1
215 34 124 145 206 1
215 202 134 438 220 4
215 827 127 909 213 1
215 970 124 1052 216 1
215 45 281 259 388 4
215 241 334 845 1241 1
215 52 1502 984 1766 4
215 52 1813 291 2059 1
215 413 1824 670 2052 1
215 788 1809 1034 2059 1
215 6 2084 1080 2335 1
216 45 131 134 206 1
216 209 131 438 209 4
216 831 127 909 216 1
216 977 127 1041 202 1
216 56 295 256 374 4
216 220 334 863 1252 1
216 49 1509 991 1756 4
216 48 1809 293 2053 1
216 393 1814 682 2059 1
216 782 1809 1037 2053 1
216 9 2086 1080 2336 1
221 41 127 138 206 1
221 202 127 599 213 4
221 806 113 884 209 1
221 952 106 1045 227 1
221 59 316 249 470 1
221 277 309 434 474 4
221 877 341 1020 470 1
221 41 627 259 770 1
221 284 620 541 774 4
221 891 645 1024 766 1
221 34 931 259 1056 1
221 277 909 906 1077 4
221 909 949 1016 1052 1
221 66 1245 252 1366 1
221 291 1195 659 1381 4
221 891 1252 1020 1363 1
221 49 1513 266 1684 1
221 288 1513 827 1699 4
221 38 1849 274 1984 1
221 287 1820 765 1981 4
221 9 2081 1080 2321 1
222 34 127 149 209 1
222 202 120 609 216 4
222 802 120 884 213 1
222 945 127 1059 216 1
222 34 270 252 445 1
222 891 327 1027 459 1
222 38 591 234 745 1
222 895 641 1009 745 1
222 63 874 249 1066 1
222 895 924 1013 1041 1
222 52 1177 249 1384 1
222 899 1238 1013 1345 1
222 56 1502 241 1659 1
222 32 1803 282 1981 1
222 4 2081 1080 2320 1
222 293 1786 804 1953 4
222 277 1495 706 1638 4
222 291 1188 531 1338 4
222 288 877 506 1041 4
222 291 584 506 745 4
222 281 291 545 449 4
231 41 127 149 199 1
231 791 109 891 216 1
231 945 120 1052 224 1
231 38 309 266 491 1
231 41 631 263 759 1
231 45 877 256 1084 1
231 56 1181 245 1384 1
231 56 1484 238 1699 1
231 27 1781 266 2002 1
231 2 2102 1080 2337 1
231 209 124 574 224 4
231 288 316 809 491 4
231 291 613 791 784 4
231 284 895 595 1081 4
231 281 1199 509 1374 4
231 284 1509 716 1674 4
231 284 1806 670 1977 4
232 45 120 131 213 1
232 799 131 888 202 1
232 952 120 1052 220 1
232 56 309 249 477 1
232 27 616 277 777 1
232 38 913 259 1038 1
232 31 1184 263 1374 1
232 41 1513 259 1656 1
232 49 1781 224 1938 1
232 6 2077 1080 2330 1
232 206 109 591 231 4
232 291 306 741 466 4
232 295 602 809 777 4
232 281 902 549 1059 4
232 295 1209 584 1370 4
232 288 1499 613 1666 4
232 281 1791 677 1974 4
21 45 77 216 241 1
21 327 120 806 206 4
21 988 99 1059 213 1
21 345 256 759 363 4
21 924 266 1056 356 1
21 63 2056 1020 2216 4
21 174 484 302 620 1
21 181 627 284 681 4
21 484 495 606 613 1
21 427 624 659 727 4
21 809 488 899 616 1
21 752 631 959 727 4
21 166 831 306 938 1
21 141 966 341 1059 4
21 477 827 620 966 1
21 474 959 624 1056 4
21 781 806 927 927 1
21 770 945 941 1038 4
21 163 1149 313 1277 1
21 120 1291 349 1356 4
21 174 1495 295 1609 1
21 149 1627 345 1691 4
21 156 1827 295 1966 1
21 145 1974 327 2038 4
21 463 1984 620 2031 4
21 470 1827 624 1974 1
21 770 1824 945 1963 1
21 756 1970 952 2045 4
21 766 1495 945 1638 1
21 777 1649 931 1702 4
21 434 1470 638 1602 1
21 441 1620 645 1702 4
21 466 1159 616 1277 1
21 459 1299 627 1352 4
21 795 1170 909 1295 1
21 799 1302 895 1356 4
22 52 88 202 238 1
22 327 259 770 363 4
22 334 113 799 202 4
22 984 99 1066 220 1
22 934 266 1052 356 1
22 163 484 302 631 1
22 152 638 320 727 4
22 477 484 631 627 1
22 481 641 627 702 4
22 763 491 941 616 1
22 777 634 927 731 4
22 166 845 299 952 1
22 170 970 291 1027 4
22 474 849 613 949 1
22 474 963 624 1013 4
22 791 834 938 959 1
22 781 970 934 1059 4
22 159 1177 306 1295 1
22 170 1313 299 1359 4
22 491 1188 599 1295 1
22 449 1306 634 1359 4
22 799 1170 913 1295 1
22 759 1309 941 1381 4
22 170 1484 309 1638 1
22 159 1645 349 1695 4
22 166 1845 331 1949 1
22 152 1953 327 2021 4
22 481 1827 616 1945 1
22 466 1949 645 2041 4
22 781 1849 913 1963 1
22 774 1981 938 2041 4
22 484 1509 609 1624 1
22 473 1635 616 1699 4
22 791 1513 916 1634 1
22 770 1634 963 1702 4
22 59 2066 1027 2212 1
311 380 118 705 215 4
311 188 273 363 328 4
311 578 275 828 328 4
311 118 411 248 463 4
311 126 522 278 576 4
311 124 644 375 698 4
311 120 762 345 820 4
311 128 883 330 938 4
311 126 1001 395 1053 4
311 129 1124 458 1178 4
311 124 1237 463 1293 4
311 50 133 115 188 1
311 430 277 495 332 1
311 868 273 933 328 1
311 28 404 93 459 1
311 33 524 98 579 1
311 30 641 95 696 1
311 30 753 95 826 1
311 26 871 98 937 1
311 38 994 93 1060 1
311 36 1111 91 1177 1
311 32 1242 91 1290 1
311 1016 641 1058 704 1
311 1017 760 1059 823 1
311 1018 879 1060 942 1
311 72 2231 138 2288 1
311 247 2228 312 2289 1
311 420 2231 483 2291 1
311 593 2228 662 2284 1
311 768 2225 843 2289 1
311 943 2226 1002 2288 1
311 65 2307 146 2334 4
311 225 2307 330 2339 4
311 407 2305 496 2336 4
311 554 2305 699 2336 4
311 730 2309 878 2338 4
311 922 2305 1028 2339 4
312 383 120 698 220 4
312 195 275 360 325 4
312 578 278 825 323 4
312 120 405 255 455 4
312 126 526 270 578 4
312 128 643 369 697 4
312 126 765 343 814 4
312 130 888 325 932 4
312 129 1007 380 1051 4
312 130 1125 451 1171 4
312 130 1247 459 1292 4
312 47 128 110 192 1
312 35 396 98 460 1
312 432 267 495 331 1
312 866 271 929 335 1
312 1017 643 1057 697 1
312 1020 763 1061 817 1
312 1013 881 1054 935 1
312 33 521 97 583 1
312 32 635 96 697 1
312 33 759 97 821 1
312 24 874 99 943 1
312 37 995 91 1056 1
312 38 1118 92 1179 1
312 38 1236 93 1289 1
312 71 2225 142 2292 1
312 244 2230 315 2288 1
312 428 2226 480 2291 1
312 589 2225 665 2288 1
312 767 2223 839 2293 1
312 946 2225 1004 2291 1
312 62 2304 144 2338 4
312 226 2305 334 2338 4
312 409 2304 502 2336 4
312 559 2302 697 2340 4
312 730 2307 875 2339 4
312 923 2309 1031 2339 4
313 394 119 691 209 4
313 194 276 354 333 4
313 583 280 825 326 4
313 123 410 249 458 4
313 131 527 265 575 4
313 128 648 370 698 4
313 124 766 346 816 4
313 134 884 326 932 4
313 132 1006 381 1050 4
313 129 1125 454 1174 4
313 129 1239 458 1285 4
313 52 137 108 188 1
313 430 266 497 333 1
313 862 270 929 337 1
313 30 400 97 467 1
313 33 521 92 583 1
313 25 637 101 695 1
313 23 751 96 826 1
313 25 871 98 946 1
313 33 988 91 1061 1
313 32 1107 90 1180 1
313 33 1239 94 1289 1
313 1019 644 1051 699 1
313 1021 766 1053 821 1
313 1019 882 1051 937 1
313 76 2228 133 2291 1
313 251 2228 312 2289 1
313 426 2231 478 2288 1
313 593 2230 665 2288 1
313 768 2223 839 2291 1
313 944 2225 1010 2288 1
313 64 2304 151 2334 4
313 223 2305 330 2336 4
313 412 2305 497 2333 4
313 554 2304 696 2336 4
313 726 2304 876 2338 4
313 922 2304 1033 2336 4
321 306 133 773 205 4
321 155 293 280 329 4
321 380 286 488 335 4
321 599 293 696 334 4
321 788 288 941 334 4
321 121 409 456 465 4
321 125 561 493 621 4
321 127 719 405 776 4
321 123 873 401 930 4
321 51 136 119 190 1
321 34 404 101 465 1
321 26 558 93 619 1
321 34 713 101 774 1
321 33 869 100 930 1
321 73 2226 133 2294 1
321 243 2225 315 2289 1
321 425 2226 480 2291 1
321 593 2231 660 2288 1
321 764 2226 838 2289 1
321 944 2230 1004 2291 1
321 64 2304 151 2333 4
321 223 2309 336 2334 4
321 409 2302 505 2338 4
321 554 2309 705 2336 4
321 726 2304 876 2338 4
321 922 2309 1031 2338 4
322 300 135 775 200 4
322 154 288 280 334 4
322 375 290 486 335 4
322 597 290 695 334 4
322 782 291 944 331 4
322 121 413 363 460 4
322 123 563 601 619 4
322 124 718 468 776 4
322 121 875 616 931 4
322 48 130 120 193 1
322 36 405 102 467 1
322 34 555 100 617 1
322 34 713 101 775 1
322 31 867 98 929 1
322 73 2228 137 2288 1
322 246 2225 313 2285 1
322 428 2230 478 2287 1
322 594 2232 662 2285 1
322 769 2224 840 2291 1
322 941 2227 1015 2288 1
322 66 2306 144 2335 4
322 226 2309 337 2335 4
322 410 2305 503 2337 4
322 555 2305 696 2337 4
322 726 2307 876 2339 4
322 923 2306 1027 2339 4
323 306 139 774 194 4
323 153 290 280 329 4
323 374 294 491 333 4
323 597 293 692 334 4
323 124 414 522 467 4
323 118 566 660 623 4
323 114 722 583 776 4
323 119 876 596 932 4
323 53 133 113 192 1
323 34 402 94 461 1
323 35 560 95 619 1
323 35 718 95 777 1
323 34 871 94 930 1
323 74 2228 134 2290 1
323 246 2232 309 2287 1
323 426 2232 479 2289 1
323 592 2232 662 2286 1
323 767 2228 839 2289 1
323 946 2227 1006 2287 1
323 62 2308 153 2334 4
323 225 2306 334 2338 4
323 408 2305 498 2334 4
323 554 2304 700 2336 4
323 731 2308 874 2336 4
323 924 2305 1028 2339 4
324 309 137 781 204 4
324 151 291 279 334 4
324 370 290 498 333 4
324 594 291 701 336 4
324 784 289 939 333 4
324 124 406 454 464 4
324 125 563 494 623 4
324 116 716 409 773 4
324 123 872 416 929 4
324 55 139 115 197 1
324 37 405 97 463 1
324 34 557 94 615 1
324 35 716 95 774 1
324 35 871 95 929 1
324 70 2231 133 2288 1
324 243 2230 314 2289 1
324 425 2226 483 2294 1
324 594 2233 664 2288 1
324 767 2228 838 2293 1
324 939 2223 1018 2293 1
324 59 2305 151 2338 4
324 218 2305 330 2338 4
324 412 2307 497 2336 4
324 549 2305 701 2339 4
324 728 2307 873 2338 4
324 925 2302 1033 2338 4
331 309 139 774 201 4
331 155 294 280 332 4
331 374 293 487 333 4
331 603 291 693 336 4
331 784 287 940 330 4
331 126 407 235 463 4
331 128 565 237 621 4
331 126 721 235 777 4
331 121 872 276 932 4
331 54 139 108 193 1
331 40 410 94 464 1
331 40 561 94 615 1
331 39 718 93 772 1
331 38 873 92 927 1
331 75 2231 136 2294 1
331 246 2226 314 2288 1
331 426 2226 478 2291 1
331 596 2228 664 2284 1
331 765 2226 843 2294 1
331 947 2228 1009 2289 1
331 64 2304 149 2336 4
331 220 2305 338 2336 4
331 404 2305 505 2336 4
331 552 2307 701 2336 4
331 728 2302 881 2336 4
331 918 2305 1031 2338 4
332 308 143 773 198 4
332 154 294 280 333 4
332 376 293 491 335 4
332 599 295 701 333 4
332 779 293 943 331 4
332 116 408 189 466 4
332 120 565 324 631 4
332 117 712 291 775 4
332 125 875 390 941 4
332 58 140 116 200 1
332 34 408 92 468 1
332 39 559 97 619 1
332 37 710 95 770 1
332 36 867 94 927 1
332 62 2305 148 2337 4
332 225 2308 332 2334 4
332 409 2306 497 2337 4
332 554 2306 700 2337 4
332 725 2308 873 2337 4
332 924 2308 1031 2338 4
332 941 2228 1004 2287 1
332 769 2227 837 2287 1
332 593 2233 667 2283 1
332 426 2228 481 2287 1
332 245 2232 319 2287 1
332 71 2231 135 2288 1
333 305 135 771 195 4
333 151 288 284 334 4
333 369 290 502 336 4
333 597 293 700 335 4
333 782 288 941 333 4
333 125 406 236 468 4
333 124 559 278 619 4
333 122 722 255 776 4
333 119 879 338 934 4
333 58 140 109 194 1
333 37 406 95 461 1
333 37 561 95 616 1
333 36 719 94 774 1
333 35 872 93 927 1
333 74 2230 137 2291 1
333 245 2231 320 2289 1
333 427 2228 480 2288 1
333 594 2232 662 2288 1
333 769 2227 844 2288 1
333 942 2228 1005 2284 1
333 63 2306 146 2335 4
333 223 2305 334 2335 4
333 409 2307 503 2339 4
333 558 2309 696 2334 4
333 728 2309 873 2338 4
333 923 2305 1033 2338 4
31 431 116 652 195 4
31 916 113 1034 206 1
31 38 288 834 431 4
31 59 456 134 524 3
31 59 745 134 816 3
31 63 649 131 716 3
31 52 552 134 624 3
31 138 459 352 527 4
31 138 566 334 620 4
31 138 649 331 716 4
31 134 759 313 809 4
31 345 2095 763 2202 4
31 902 2099 1024 2199 1
31 34 106 99 216 1
31 99 138 217 185 4
32 24 113 99 209 1
32 102 127 216 195 4
32 420 120 663 191 4
32 924 102 1038 206 1
32 27 270 1077 420 4
32 49 438 141 534 3
32 52 556 138 631 3
32 45 649 141 724 3
32 41 738 141 820 3
32 138 463 309 524 4
32 134 563 359 613 4
32 145 652 274 713 4
32 145 752 356 809 4
32 84 2106 156 2191 1
32 352 2109 738 2188 4
32 924 2099 1002 2199 1
33 27 113 99 206 1
33 102 134 231 188 4
33 420 127 674 191 4
33 931 116 1031 202 1
33 45 277 831 424 4
33 63 452 127 527 3
33 64 548 124 627 3
33 56 649 131 724 3
33 56 745 127 813 3
33 134 470 352 520 4
33 134 559 345 613 4
33 141 649 331 716 4
33 134 741 306 816 4
33 363 2113 734 2191 4
33 938 2099 1002 2195 1
411 188 113 304 174 4
411 195 183 948 240 4
411 1 338 142 384 4
411 217 340 491 387 4
411 565 341 794 387 4
411 866 346 1043 390 4
411 184 474 505 524 4
411 231 604 1011 817 4
411 231 854 1009 1061 4
411 231 1098 1009 1305 4
411 232 1340 1021 1556 4
411 228 1588 1017 1804 4
411 228 1832 1017 2048 4
411 219 2082 1015 2146 4
411 291 2270 521 2328 4
411 17 2274 247 2332 4
411 577 2272 773 2332 4
411 831 2270 1057 2328 4
411 40 139 116 208 1
411 25 266 99 334 1
411 313 263 387 331 1
411 639 262 713 330 1
411 913 266 987 334 1
411 996 138 1039 211 1
411 55 458 128 533 1
411 955 464 1025 534 1
411 81 655 175 759 4
411 81 903 175 1007 4
411 80 1149 174 1253 4
411 79 1396 173 1500 4
411 83 1643 177 1747 4
411 83 1886 177 1990 4
411 101 2189 168 2253 1
411 376 2195 443 2259 1
411 645 2195 712 2259 1
411 914 2193 981 2257 1
411 76 2121 163 2171 4
412 195 116 309 174 4
412 192 181 662 236 4
412 18 347 214 387 4
412 286 345 445 386 4
412 521 346 789 387 4
412 868 347 1040 389 4
412 188 473 502 524 4
412 235 635 1021 780 4
412 232 880 1006 1027 4
412 235 1128 945 1276 4
412 234 1379 888 1521 4
412 237 1587 1022 1801 4
412 231 1838 1024 2047 4
412 236 2078 944 2156 4
412 26 2279 245 2327 4
412 290 2277 521 2331 4
412 587 2276 768 2330 4
412 836 2277 1052 2329 4
412 37 135 117 208 1
412 997 139 1045 213 1
412 71 263 156 335 1
412 329 268 405 335 1
412 615 265 692 328 1
412 917 273 987 331 1
412 53 452 125 533 1
412 963 463 1015 525 1
412 78 660 167 757 4
412 79 910 168 1007 4
412 80 1155 169 1252 4
412 81 1401 170 1498 4
412 81 1644 170 1741 4
412 77 1890 166 1987 4
412 105 2190 163 2257 1
412 377 2200 436 2258 1
412 645 2197 703 2255 1
412 917 2196 975 2254 1
412 76 2133 163 2174 4
413 196 149 322 216 4
413 1 338 135 391 4
413 215 338 489 389 4
413 563 338 792 390 4
413 864 341 1040 388 4
413 189 473 501 523 4
413 232 610 1024 814 4
413 225 919 1006 989 4
413 231 1167 1026 1237 4
413 228 1371 994 1516 4
413 236 1594 968 1799 4
413 232 1871 941 2003 4
413 231 2114 998 2179 4
413 21 2273 244 2329 4
413 294 2272 517 2328 4
413 585 2271 769 2325 4
413 834 2271 1049 2330 4
413 42 146 112 199 1
413 1003 138 1038 210 1
413 28 270 99 333 1
413 311 267 382 330 1
413 643 266 708 329 1
413 922 270 992 327 1
413 56 463 126 527 1
413 957 464 1022 527 1
413 86 657 166 761 4
413 87 898 167 1002 4
413 87 1146 167 1250 4
413 82 1406 169 1494 4
413 85 1649 165 1744 4
413 85 1893 164 1980 4
413 108 2186 166 2257 1
413 376 2192 434 2263 1
413 646 2194 704 2265 1
413 915 2187 973 2258 1
413 79 2121 167 2168 4
421 182 140 305 208 4
421 130 290 255 335 4
421 128 342 473 423 4
421 83 653 702 721 4
421 83 802 695 923 4
421 82 1010 718 1080 4
421 78 1167 837 1387 4
421 43 140 112 212 1
421 901 652 970 724 3
421 899 826 968 898 3
421 899 1007 968 1079 3
421 900 1237 969 1309 3
421 875 130 1047 222 1
421 71 2223 146 2304 1
421 284 2240 360 2293 1
421 498 2236 574 2289 1
421 933 2231 1013 2300 1
421 735 2226 780 2303 1
422 45 139 108 213 1
422 188 147 285 201 4
422 884 124 1045 224 1
422 128 296 256 331 4
422 126 350 351 414 4
422 84 661 512 720 4
422 82 836 299 896 4
422 87 1013 759 1074 4
422 86 1195 758 1256 4
422 899 650 968 720 3
422 898 825 967 895 3
422 899 1006 968 1076 3
422 901 1185 970 1255 3
422 64 2223 154 2309 1
422 290 2229 365 2297 1
422 501 2230 576 2298 1
422 933 2228 1008 2296 1
422 732 2223 779 2296 1
423 44 140 106 200 1
423 184 146 288 206 4
423 882 131 1044 219 1
423 128 300 251 337 4
423 128 346 368 424 4
423 82 636 821 734 4
423 85 811 826 921 4
423 83 989 752 1103 4
423 84 1199 786 1257 4
423 899 647 975 723 3
423 900 831 968 900 3
423 901 1007 965 1077 3
423 900 1190 964 1252 3
423 71 2219 146 2303 1
423 286 2229 364 2299 1
423 499 2229 577 2299 1
423 931 2231 1009 2301 1
423 730 2221 782 2307 1
424 174 150 232 207 4
424 126 300 248 343 4
424 131 349 349 427 4
424 84 661 362 719 4
424 85 838 531 900 4
424 81 1011 401 1079 4
424 87 1160 791 1283 4
424 44 139 111 209 1
424 881 122 1046 223 1
424 898 650 969 719 3
424 900 828 971 897 3
424 899 1012 970 1081 3
424 897 1186 968 1255 3
424 68 2216 146 2310 1
424 283 2226 366 2299 1
424 497 2225 580 2298 1
424 931 2227 1014 2300 1
424 729 2219 784 2300 1
431 44 141 111 206 1
431 194 144 394 207 4
431 991 130 1041 219 1
431 71 270 142 340 1
431 317 266 388 336 1
431 579 266 650 336 1
431 56 344 159 391 4
431 254 345 448 390 4
431 528 343 704 386 4
431 182 470 501 520 4
431 58 463 122 526 1
431 959 467 1023 530 1
431 84 644 165 763 4
431 231 637 851 779 4
431 230 878 979 1026 4
431 230 1128 948 1277 4
431 232 1373 972 1516 4
431 233 1623 955 1766 4
431 85 901 166 1020 4
431 84 1143 165 1262 4
431 85 1386 166 1505 4
431 86 1638 167 1757 4
431 237 1869 1002 2016 4
431 84 1879 165 1998 4
431 231 2117 935 2171 4
431 151 2184 211 2263 1
431 509 2192 573 2262 1
431 866 2192 930 2262 1
431 65 2274 295 2329 4
431 424 2274 654 2329 4
431 787 2272 1017 2327 4
431 73 2127 170 2174 4
432 190 145 283 208 4
432 37 133 127 213 1
432 990 134 1040 215 1
432 78 265 138 338 1
432 322 263 382 336 1
432 581 263 647 332 1
432 52 342 160 383 4
432 255 345 450 385 4
432 525 345 708 390 4
432 180 468 520 528 4
432 52 462 123 530 1
432 955 465 1026 533 1
432 233 602 927 813 4
432 231 881 1020 1030 4
432 232 1134 885 1278 4
432 233 1373 886 1517 4
432 238 1618 907 1763 4
432 231 1860 887 2003 4
432 230 2105 810 2177 4
432 83 653 175 757 4
432 82 900 174 1004 4
432 79 1146 171 1250 4
432 78 1389 170 1493 4
432 82 1640 174 1744 4
432 81 1880 173 1984 4
432 143 2188 215 2260 1
432 501 2191 573 2263 1
432 864 2189 936 2261 1
432 68 2273 292 2328 4
432 426 2280 650 2335 4
432 791 2271 1015 2326 4
432 79 2133 154 2168 4
41 413 127 674 227 4
41 52 288 445 388 4
41 56 399 1041 595 4
41 70 666 370 741 4
41 74 752 1034 827 4
41 70 924 309 995 4
41 74 1024 991 1141 4
41 77 1227 409 1306 4
41 74 1327 1034 1445 4
41 77 1538 377 1599 4
41 74 1631 999 1749 4
41 74 1841 370 1906 4
41 80 1934 1037 2098 4
41 34 120 102 234 1
41 99 116 209 234 1
42 24 127 102 227 1
42 95 102 206 238 1
42 409 120 681 231 4
42 66 327 391 409 4
42 70 427 773 488 4
42 77 588 345 666 4
42 70 691 999 849 4
42 77 941 406 1024 4
42 77 1049 1006 1163 4
42 77 1252 359 1324 4
42 77 1352 1038 1484 4
42 84 1563 391 1645 4
42 74 1663 999 1827 4
42 70 1916 324 1995 4
42 74 2020 1031 2131 4
43 34 106 99 213 1
43 95 102 216 220 1
43 391 116 691 206 4
43 67 316 299 377 4
43 70 409 1045 513 4
43 77 606 491 684 4
43 77 702 1034 820 4
43 63 906 341 991 4
43 63 1016 1024 1177 4
43 66 1288 352 1349 4
43 70 1377 984 1545 4
43 74 1634 402 1716 4
43 70 1738 1027 1895 4
43 70 1988 331 2074 4
43 74 2099 1041 2224 4
511 192 142 520 213 4
511 164 288 350 347 4
511 407 288 677 347 4
511 727 291 1045 342 4
511 1 289 82 348 4
511 47 127 112 208 1
511 60 442 95 497 4
511 60 615 98 669 4
511 59 798 98 847 4
511 61 975 100 1024 4
511 57 1148 96 1197 4
511 59 1325 98 1374 4
511 55 1501 94 1550 4
511 58 1679 97 1728 4
511 57 1853 96 1902 4
511 50 2030 103 2079 4
511 50 2198 103 2247 4
511 293 420 353 473 4
511 291 479 449 529 4
511 294 654 452 704 4
511 293 589 710 646 4
511 294 765 606 823 4
511 297 832 455 882 4
511 296 1011 454 1061 4
511 294 1181 452 1231 4
511 293 1359 451 1409 4
511 296 1539 454 1589 4
511 295 1716 453 1766 4
511 293 1890 451 1940 4
511 149 414 271 531 1
511 149 588 271 705 1
511 150 767 272 884 1
511 148 944 270 1061 1
511 147 1117 269 1234 1
511 151 1293 273 1410 1
511 147 1470 269 1587 1
511 149 1644 271 1761 1
511 149 1820 271 1937 1
511 146 1992 268 2109 1
511 151 2166 269 2245 1
511 296 2178 573 2228 4
511 294 1994 448 2053 4
511 295 1825 609 1883 4
511 298 1645 685 1701 4
511 296 1467 708 1529 4
511 293 1289 490 1349 4
511 295 1114 570 1175 4
511 294 941 593 1004 4
511 964 440 1040 496 1
511 965 616 1041 672 1
511 965 796 1041 852 1
511 965 971 1041 1027 1
511 963 1325 1039 1381 1
511 966 1500 1042 1556 1
511 962 1672 1038 1728 1
511 965 1851 1041 1907 1
511 967 2027 1043 2083 1
511 968 2197 1044 2253 1
511 155 2274 923 2316 4
512 51 134 109 208 1
512 197 144 515 212 4
512 55 290 333 340 4
512 381 294 693 348 4
512 975 290 1080 348 4
512 753 292 923 340 4
512 57 445 94 494 4
512 61 622 98 671 4
512 61 800 98 849 4
512 62 976 99 1025 4
512 63 1153 100 1202 4
512 58 1328 95 1377 4
512 61 1501 98 1550 4
512 59 1676 96 1725 4
512 61 1859 98 1908 4
512 52 2032 101 2079 4
512 48 2205 97 2252 4
512 149 410 269 529 1
512 146 588 266 707 1
512 149 759 269 878 1
512 146 940 266 1059 1
512 149 1117 269 1236 1
512 149 1294 269 1413 1
512 146 1467 266 1586 1
512 144 1644 264 1763 1
512 149 1820 269 1939 1
512 149 1997 269 2116 1
512 145 2161 264 2247 1
512 966 2200 1038 2250 1
512 969 2024 1038 2082 1
512 967 1671 1036 1729 1
512 968 1496 1037 1554 1
512 967 1319 1036 1377 1
512 968 1145 1037 1203 1
512 968 969 1037 1027 1
512 969 792 1038 850 1
512 967 618 1036 676 1
512 969 443 1038 501 1
512 293 422 356 471 4
512 294 590 711 646 4
512 296 764 713 820 4
512 295 938 637 1004 4
512 293 1123 605 1171 4
512 297 1293 486 1350 4
512 291 1467 623 1523 4
512 296 1646 585 1702 4
512 293 1824 569 1880 4
512 293 2001 637 2056 4
512 292 2176 636 2231 4
512 294 2062 449 2112 4
512 296 1890 451 1940 4
512 297 1716 452 1766 4
512 296 1539 451 1589 4
512 294 1361 449 1411 4
512 292 1180 447 1230 4
512 298 1007 453 1057 4
512 297 833 452 883 4
512 292 657 447 707 4
512 296 480 451 530 4
512 157 2272 924 2311 4
521 42 140 118 207 1
521 192 147 485 205 4
521 850 128 920 213 1
521 980 128 1050 213 1
521 40 269 155 389 1
521 39 421 160 543 1
521 39 573 160 695 1
521 38 728 159 850 1
521 38 879 159 1001 1
521 40 1036 161 1158 1
521 38 1187 159 1309 1
521 37 1343 158 1465 1
521 36 1494 157 1616 1
521 38 1655 159 1777 1
521 182 1677 421 1749 4
521 183 1534 396 1587 4
521 178 1380 391 1433 4
521 177 1225 390 1278 4
521 179 1074 392 1127 4
521 177 919 390 972 4
521 179 765 392 818 4
521 180 614 393 667 4
521 184 461 397 514 4
521 179 307 392 360 4
521 881 453 1036 511 4
521 916 298 1036 354 4
521 888 603 1043 661 4
521 886 755 1041 813 4
521 884 919 1039 977 4
521 885 1068 1040 1126 4
521 883 1223 1038 1281 4
521 884 1380 1039 1438 4
521 885 1533 1040 1591 4
521 887 1686 1042 1744 4
521 141 2089 941 2340 1
522 45 135 113 213 1
522 193 143 415 215 4
522 845 130 923 210 1
522 985 130 1048 213 1
522 915 303 1043 348 4
522 888 459 1039 501 4
522 886 617 1037 659 4
522 886 768 1037 810 4
522 886 921 1037 963 4
522 887 1078 1038 1120 4
522 885 1229 1036 1271 4
522 886 1386 1037 1428 4
522 886 1539 1037 1581 4
522 886 1694 1037 1736 4
522 181 1691 414 1744 4
522 185 1535 387 1589 4
522 184 1383 386 1437 4
522 183 1230 385 1284 4
522 181 1073 383 1127 4
522 187 918 389 972 4
522 186 769 388 823 4
522 186 608 388 662 4
522 187 460 389 514 4
522 182 301 384 355 4
522 40 269 156 387 1
522 40 425 156 543 1
522 42 575 158 693 1
522 40 723 156 841 1
522 41 881 157 999 1
522 38 1033 154 1151 1
522 38 1192 154 1310 1
522 41 1344 157 1462 1
522 38 1496 154 1614 1
522 39 1652 155 1770 1
522 7 2093 1080 2336 1
523 48 123 113 205 1
523 215 130 593 218 4
523 823 120 905 223 1
523 965 123 1055 215 1
523 40 268 173 395 1
523 199 302 439 372 4
523 890 305 1045 365 4
523 848 465 1040 535 4
523 848 635 1040 705 4
523 849 804 1041 874 4
523 204 466 444 536 4
523 202 630 442 700 4
523 45 434 178 561 1
523 42 603 175 730 1
523 40 770 173 897 1
523 204 807 444 877 4
523 202 971 442 1041 4
523 203 1143 443 1213 4
523 200 1305 440 1375 4
523 848 973 1040 1043 4
523 846 1138 1038 1208 4
523 847 1306 1039 1376 4
523 847 1473 1039 1543 4
523 845 1644 1037 1714 4
523 847 1799 1039 1869 4
523 204 1476 444 1546 4
523 199 1646 439 1716 4
523 204 1816 474 1884 4
523 42 942 175 1069 1
523 42 1110 175 1237 1
523 42 1280 175 1407 1
523 40 1445 173 1572 1
523 42 1614 175 1741 1
523 47 1776 180 1903 1
523 1 2099 1075 2340 1
531 43 135 115 215 1
531 195 133 615 210 4
531 40 268 130 328 4
531 906 279 1034 325 4
531 844 280 898 330 1
531 396 723 681 823 4
531 47 978 225 1150 1
531 861 980 1041 1148 1
531 41 1180 535 1610 1
531 537 1174 1041 1610 1
531 537 1608 1041 2050 1
531 33 1610 537 2052 1
531 4 2099 1080 2338 1
532 51 147 105 197 1
532 207 147 707 211 4
532 40 282 134 328 4
532 911 284 1042 324 4
532 842 280 894 322 1
532 426 722 669 812 4
532 1 2093 1080 2337 1
532 48 971 232 1149 1
532 857 971 1048 1152 1
532 42 1177 535 1608 1
532 542 1177 1045 1612 1
532 42 1608 532 2046 1
532 542 1612 1045 2049 1
533 48 128 115 203 1
533 225 128 813 218 4
533 50 278 155 333 4
533 875 280 1035 333 4
533 798 273 870 333 1
533 385 713 698 823 4
533 43 958 245 1135 1
533 845 945 1030 1128 1
533 45 1158 535 1585 1
533 536 1151 1035 1590 1
533 536 1580 1035 2019 1
533 39 1586 538 2025 1
533 3 2030 1080 2340 1
534 45 121 124 213 1
534 221 136 813 218 4
534 882 276 1032 334 4
534 805 281 868 342 1
534 37 273 155 331 4
534 361 700 711 831 4
534 45 950 237 1128 1
534 826 947 1037 1147 1
534 29 1152 537 1597 1
534 535 1153 1043 1598 1
534 533 1596 1041 2041 1
534 23 1599 531 2044 1
534 5 2044 1076 2340 1
535 50 118 118 215 1
535 221 131 811 223 1
535 37 273 147 331 4
535 879 270 1047 331 4
535 803 273 866 336 1
535 392 710 684 823 4
535 53 955 237 1134 1
535 834 952 1037 1136 1
535 37 1152 537 1592 1
535 537 1155 1037 1595 1
535 535 1587 1035 2027 1
535 38 1591 538 2031 1
535 5 2065 1080 2340 1
536 47 126 121 215 1
536 224 128 882 221 4
536 45 273 161 334 4
536 879 286 1034 328 4
536 795 278 863 336 1
536 376 768 692 900 4
536 45 1081 247 1268 1
536 842 1081 1034 1268 1
536 42 1289 537 1792 1
536 537 1290 1032 1793 1
536 535 1796 1030 2299 1
536 38 1797 533 2300 1
538 53 126 124 215 1
538 218 118 882 226 4
538 29 268 153 334 4
538 879 276 1032 336 4
538 803 278 868 334 1
538 379 771 703 889 4
538 50 1089 245 1273 1
538 840 1094 1034 1263 1
538 37 1294 537 1789 1
538 532 1294 1032 1789 1
538 532 1795 1032 2290 1
538 33 1790 533 2285 1
539 47 126 126 213 1
539 224 118 868 223 4
539 42 276 150 336 4
539 876 271 1042 339 4
539 797 278 868 334 1
539 411 776 674 894 4
539 47 1089 242 1260 1
539 840 1094 1037 1271 1
539 40 1297 537 1800 1
539 538 1290 1035 1793 1
539 538 1798 1035 2301 1
539 41 1798 538 2301 1
541 47 123 118 200 1
541 226 134 703 210 4
541 963 113 1053 228 1
541 34 273 145 342 4
541 895 276 1034 331 4
541 829 278 892 331 1
541 53 952 1034 1181 4
541 26 1630 228 1820 1
541 866 1636 1055 1818 1
541 24 1826 534 2076 1
541 538 1821 1063 2082 1
541 534 2071 1059 2332 1
541 14 2069 539 2330 1
542 45 128 118 200 1
542 226 131 540 231 4
542 966 121 1061 226 1
542 42 276 145 328 4
542 900 281 1037 331 4
542 832 276 895 328 1
542 26 944 1050 1184 4
542 863 1628 1061 1813 1
542 21 1628 213 1815 1
542 8 1828 534 2081 1
542 537 1828 1063 2081 1
542 538 2076 1064 2329 1
542 7 2074 533 2327 1
543 224 136 597 205 4
543 37 126 142 207 1
543 897 278 1034 336 4
543 829 276 884 334 1
543 32 278 153 326 4
543 42 986 1029 1144 4
543 26 1634 216 1815 1
543 871 1644 1055 1826 1
543 18 1831 540 2076 1
543 540 1832 1062 2077 1
543 533 2075 1055 2320 1
543 13 2076 535 2321 1
544 218 128 447 218 4
544 37 131 121 205 1
544 964 124 1050 210 1
544 832 268 887 339 1
544 897 284 1040 331 4
544 40 281 145 334 4
544 40 957 1042 1184 4
544 866 1639 1061 1823 1
544 25 1632 220 1816 1
544 18 1831 537 2076 1
544 537 1834 1056 2079 1
544 538 2076 1057 2321 1
544 15 2074 534 2319 1
545 45 118 129 202 1
545 224 113 645 234 4
545 42 263 140 336 4
545 895 271 1037 334 4
545 826 273 895 336 1
545 418 776 666 889 4
545 840 1073 1034 1263 1
545 41 1074 235 1264 1
545 29 1310 534 1792 1
545 535 1305 1040 1787 1
545 538 1789 1043 2271 1
545 32 1789 537 2271 1
546 53 126 126 207 1
546 221 134 1063 223 4
546 897 271 1037 328 4
546 826 273 885 331 1
546 41 283 141 331 4
546 322 723 749 956 4
546 839 1090 1045 1267 1
546 43 1080 249 1257 1
546 41 1294 539 1796 1
546 533 1288 1031 1790 1
546 531 1794 1029 2296 1
546 33 1800 531 2302 1
547 224 123 816 213 4
547 45 123 118 207 1
547 47 273 153 334 4
547 895 279 1035 337 4
547 827 282 889 322 1
547 380 791 696 876 4
547 51 1088 237 1271 1
547 845 1086 1031 1269 1
547 43 1288 536 1796 1
547 538 1286 1031 1794 1
547 536 1789 1029 2297 1
547 41 1791 534 2299 1
548 218 128 600 228 4
548 45 126 121 213 1
548 37 273 147 331 4
548 897 278 1037 334 4
548 832 273 887 331 1
548 376 739 716 847 4
548 50 1057 245 1244 1
548 840 1052 1035 1239 1
548 34 1265 542 1784 1
548 537 1261 1045 1780 1
548 535 1781 1043 2300 1
548 30 1779 538 2298 1
551 45 131 121 210 1
551 213 134 387 202 4
551 824 107 1037 218 1
551 563 300 1042 928 1
551 45 298 524 926 1
551 38 952 517 1580 1
551 562 966 1041 1594 1
551 560 1620 1039 2248 1
551 45 1623 524 2251 1
552 213 126 395 200 4
552 47 128 124 197 1
552 823 102 1037 223 1
552 37 276 524 900 1
552 553 282 1040 906 1
552 558 951 1045 1575 1
552 38 942 525 1566 1
552 36 1608 523 2232 1
552 555 1612 1042 2236 1
553 211 128 392 210 4
553 53 128 121 202 1
553 821 102 1037 228 1
553 42 344 518 973 1
553 558 358 1034 987 1
553 566 1016 1042 1645 1
553 40 1014 516 1643 1
553 43 1675 519 2304 1
553 562 1684 1038 2313 1
51 33 100 103 209 1
51 449 109 631 199 4
51 63 259 509 352 4
51 599 259 1013 356 4
51 38 416 313 488 4
51 45 545 284 627 4
51 38 699 309 770 4
51 38 838 338 899 4
51 38 963 441 1038 4
51 41 1106 274 1170 4
51 41 1249 284 1316 4
51 41 1388 238 1456 4
51 41 1516 327 1595 4
51 31 1641 363 1734 4
51 49 1795 324 1870 4
51 49 1934 324 2009 4
51 41 2074 409 2137 4
51 706 416 976 480 4
51 709 551 969 612 4
51 708 689 972 755 4
51 706 826 961 893 4
51 709 967 959 1030 4
51 704 1108 967 1170 4
51 710 1244 959 1309 4
51 719 1386 955 1447 4
51 705 1525 959 1584 4
51 705 1659 963 1720 4
51 708 1798 965 1859 4
51 706 1931 959 1995 4
51 709 2071 961 2137 4
51 113 101 219 201 1
51 992 411 1034 482 1
51 994 1513 1036 1584 1
51 994 1376 1036 1447 1
51 993 1238 1035 1309 1
51 992 1099 1034 1170 1
51 992 960 1034 1031 1
51 993 824 1035 895 1
51 992 691 1034 762 1
51 990 549 1032 620 1
51 992 1651 1034 1722 1
51 994 1789 1034 1864 1
51 992 1926 1036 1997 1
51 992 2066 1036 2136 1
52 34 102 109 206 1
52 109 95 227 213 1
52 459 109 624 195 4
52 52 256 495 352 4
52 595 252 1027 341 4
52 31 413 370 488 4
52 45 556 252 627 4
52 41 695 245 759 4
52 45 831 252 902 4
52 41 974 249 1038 4
52 52 1099 331 1177 4
52 45 1231 445 1316 4
52 41 1381 441 1463 4
52 45 1516 345 1591 4
52 41 1649 370 1734 4
52 49 1781 384 1863 4
52 31 1924 391 2006 4
52 52 2063 495 2141 4
52 702 413 965 478 4
52 705 551 963 617 4
52 704 696 966 755 4
52 705 830 962 896 4
52 706 970 962 1030 4
52 704 1110 962 1167 4
52 708 1249 963 1302 4
52 707 1383 959 1443 4
52 719 1525 948 1581 4
52 722 1660 952 1717 4
52 717 1799 960 1863 4
52 720 1942 945 1999 4
52 721 2074 948 2138 4
52 987 413 1035 481 1
52 991 553 1034 617 1
52 991 689 1037 753 1
52 988 824 1034 892 1
52 994 967 1033 1030 1
52 995 1099 1038 1168 1
52 990 1238 1037 1307 1
52 994 1375 1035 1443 1
52 990 1520 1041 1581 1
52 991 1656 1037 1723 1
52 995 1789 1033 1860 1
52 991 1931 1034 1999 1
52 988 2070 1040 2135 1
611 52 91 174 174 1
611 284 102 377 170 1
611 484 91 602 177 1
611 681 102 838 174 1
611 931 99 1016 177 1
611 66 534 959 1041 1
611 945 399 1016 481 1
611 66 1570 963 2077 1
611 945 1441 1020 1509 1
611 16 188 95 241 4
611 234 181 413 234 4
611 470 188 616 227 4
611 674 195 841 231 4
611 891 188 1052 234 4
611 141 274 834 349 4
611 38 270 124 331 1
611 34 413 356 506 4
611 45 1077 952 1231 4
611 52 2106 941 2259 4
611 420 1256 659 1338 1
611 406 2295 672 2340 1
612 56 91 174 174 1
612 281 91 377 170 1
612 488 84 595 170 1
612 677 106 852 166 1
612 924 99 1013 177 1
612 49 270 109 327 1
612 941 395 1027 470 1
612 938 1424 1016 1513 1
612 416 1259 684 1334 1
612 16 184 91 234 4
612 238 181 416 234 4
612 466 191 627 231 4
612 674 188 856 234 4
612 902 184 1049 238 4
612 56 391 381 516 4
612 41 1431 745 1638 4
612 59 541 966 1045 1
612 66 1659 966 2159 1
612 49 1077 938 1234 4
613 49 95 166 170 1
613 284 88 366 166 1
613 488 84 588 177 1
613 670 91 845 170 1
613 934 88 1016 174 1
613 31 270 120 334 1
613 945 395 1016 477 1
613 945 1431 1031 1506 1
613 66 534 966 1041 1
613 63 1663 963 2163 1
613 16 181 99 234 4
613 231 181 420 249 4
613 463 181 624 231 4
613 674 188 852 234 4
613 891 174 1056 241 4
613 145 266 834 349 4
613 56 413 366 502 4
613 49 1077 920 1224 4
613 52 1424 727 1638 4
613 406 1263 677 1341 1
614 56 91 170 181 1
614 281 95 370 170 1
614 495 84 591 177 1
614 663 91 849 170 1
614 927 81 1020 174 1
614 9 181 102 238 4
614 227 174 424 231 4
614 474 184 620 238 4
614 674 181 841 234 4
614 895 174 1049 241 4
614 138 266 838 349 4
614 45 416 381 509 4
614 52 1070 934 1231 4
614 45 1452 734 1631 4
614 45 266 113 338 1
614 941 395 1024 470 1
614 66 541 959 1038 1
614 420 1263 663 1341 1
614 945 1420 1024 1516 1
614 66 1666 963 2163 1
621 38 113 131 213 1
621 691 127 759 216 1
621 824 134 902 216 1
621 963 127 1052 216 1
621 2 534 1080 1401 1
621 27 306 1016 484 4
621 49 1631 295 1706 4
621 38 1749 988 2074 4
621 149 2152 1049 2224 4
621 41 1481 199 1591 1
621 206 1509 345 1577 4
622 41 124 124 209 1
622 674 116 781 209 1
622 831 124 899 202 1
622 959 109 1056 220 1
622 24 295 874 566 4
622 6 613 1077 1481 1
622 49 1709 284 1781 4
622 45 1813 1027 2181 4
622 45 1566 202 1688 1
622 206 1591 356 1652 4
623 34 134 134 209 1
623 688 124 756 209 1
623 827 116 906 206 1
623 949 116 1052 213 1
623 34 291 1009 570 4
623 2 613 1080 1481 1
623 63 1720 291 1777 4
623 59 1831 941 2156 4
623 59 1577 202 1670 1
623 213 1577 563 1684 4
711 42 137 123 197 1
711 433 142 692 185 4
711 387 141 430 184 1
711 855 131 916 200 1
711 992 138 1031 195 1
711 18 318 1059 894 1
711 59 928 999 1220 4
711 101 1289 312 1335 4
711 387 1291 655 1342 4
711 958 1280 1012 1342 1
711 20 1403 1061 1991 1
711 69 2023 659 2081 4
711 80 2087 146 2161 1
711 293 2086 354 2147 1
711 498 2086 586 2149 1
711 731 2084 785 2149 1
711 935 2083 1009 2149 1
711 31 2169 98 2206 4
711 281 2171 369 2200 4
711 496 2170 584 2199 4
711 713 2167 800 2201 4
711 910 2169 1035 2199 4
712 51 138 122 191 1
712 446 130 634 199 4
712 831 131 896 197 1
712 976 138 1044 191 1
712 23 264 1057 846 1
712 67 873 934 1023 4
712 97 1083 499 1134 4
712 572 1088 817 1139 4
712 959 1076 1012 1143 1
712 22 1205 1055 1784 1
712 67 1822 897 2033 4
712 80 2086 136 2155 1
712 293 2084 354 2149 1
712 499 2084 583 2149 1
712 730 2086 783 2151 1
712 934 2086 1012 2144 1
712 33 2167 93 2205 4
712 281 2165 367 2205 4
712 497 2164 584 2202 4
712 709 2168 802 2201 4
712 907 2167 1036 2204 4
713 44 136 120 191 1
713 390 136 428 189 1
713 430 136 695 187 4
713 857 134 922 197 1
713 995 134 1030 195 1
713 26 287 1059 872 1
713 65 903 894 1122 4
713 99 1191 345 1241 4
713 415 1191 688 1247 4
713 959 1184 1015 1247 1
713 20 1305 542 1803 1
713 542 1309 1059 1893 1
713 69 1826 520 1878 4
713 67 1924 901 2061 4
713 32 2170 92 2205 4
713 286 2168 361 2201 4
713 497 2166 580 2203 4
713 711 2166 803 2203 4
713 907 2168 1036 2203 4
713 78 2086 138 2155 1
713 292 2089 355 2147 1
713 497 2086 582 2149 1
713 728 2087 788 2151 1
713 936 2082 1007 2145 1
714 52 138 119 188 1
714 448 134 634 199 4
714 831 134 898 196 1
714 974 138 1040 188 1
714 23 246 1058 828 1
714 65 862 994 1088 4
714 96 1145 317 1196 4
714 391 1145 662 1202 4
714 959 1137 1012 1202 1
714 20 1262 1058 1846 1
714 70 1877 1016 2078 4
714 81 2088 138 2157 1
714 294 2089 356 2148 1
714 499 2085 583 2152 1
714 730 2084 787 2149 1
714 938 2084 1008 2145 1
714 34 2167 94 2207 4
714 283 2167 366 2202 4
714 496 2164 583 2202 4
714 712 2166 801 2200 4
714 902 2167 1035 2202 4
721 55 138 114 191 1
721 386 140 432 183 1
721 434 140 693 187 4
721 841 136 891 197 1
721 971 129 1048 201 1
721 1 249 1080 859 1
721 45 904 842 1185 4
721 40 1228 926 1459 4
721 45 1513 914 1632 4
721 49 1673 757 1739 4
721 45 1770 276 1823 4
721 42 1880 1009 2223 4
722 54 138 114 193 1
722 387 142 429 184 1
722 432 140 692 188 4
722 838 132 890 197 1
722 971 129 1043 201 1
722 1 249 1080 859 1
722 41 904 1020 1178 4
722 46 1228 860 1447 4
722 43 1514 907 1631 4
722 44 1676 759 1738 4
722 46 1775 612 1826 4
722 41 1878 941 2225 4
723 54 138 112 193 1
723 388 140 429 185 1
723 429 142 695 186 4
723 838 134 890 197 1
723 975 132 1042 200 1
723 2 247 1079 859 1
723 41 910 818 1070 4
723 44 1133 1028 1351 4
723 43 1420 905 1534 4
723 43 1580 752 1646 4
723 47 1673 534 1725 4
723 41 1783 1022 2217 4
724 56 138 112 191 1
724 384 141 428 185 1
724 428 141 692 189 4
724 837 128 891 198 1
724 971 128 1049 200 1
724 1 248 1080 857 1
724 35 902 1012 1271 4
724 41 1327 977 1621 4
724 46 1692 910 1806 4
724 46 1855 726 1916 4
724 44 1952 601 2002 4
724 46 2059 1003 2216 4
725 55 138 114 191 1
725 387 142 430 184 1
725 430 142 695 184 4
725 840 133 892 197 1
725 973 131 1042 201 1
725 1 248 1079 859 1
725 45 908 946 1167 4
725 43 1229 979 1448 4
725 48 1517 912 1628 4
725 47 1678 696 1739 4
725 46 1773 278 1821 4
725 43 1881 1009 2219 4
731 65 146 128 210 1
731 194 152 893 270 4
731 81 310 999 373 4
731 23 468 481 528 4
731 23 612 238 678 4
731 22 757 310 815 4
731 23 904 276 959 4
731 23 1046 554 1102 4
731 22 1189 230 1244 4
731 22 1333 288 1393 4
731 22 1478 273 1534 4
731 22 1620 105 1678 4
731 976 463 1042 528 5
731 973 604 1047 673 5
731 976 752 1041 812 5
731 975 896 1041 960 5
731 976 1039 1041 1102 5
731 976 1183 1039 1244 5
731 975 1325 1043 1393 5
731 976 1473 1039 1534 5
731 973 1611 1045 1680 5
731 285 1889 799 1973 4
731 357 2080 728 2149 4
732 63 145 136 207 1
732 194 153 899 266 4
732 82 307 999 370 4
732 19 468 184 530 4
732 19 616 359 674 4
732 20 759 226 818 4
732 22 901 117 961 4
732 22 1049 430 1107 4
732 22 1193 317 1255 4
732 20 1334 257 1401 4
732 20 1478 376 1547 4
732 20 1624 240 1680 4
732 976 466 1044 528 5
732 976 1185 1044 1247 5
732 976 1041 1044 1103 5
732 976 898 1044 960 5
732 976 753 1044 815 5
732 977 610 1045 672 5
732 980 1328 1042 1391 5
732 976 1472 1042 1537 5
732 974 1614 1047 1686 5
732 285 1887 798 1974 4
732 351 2077 738 2158 4
741 57 136 113 193 1
741 334 136 745 197 4
741 857 132 924 195 1
741 999 132 1032 197 1
741 20 259 1063 847 1
741 65 876 953 1091 4
741 70 1162 461 1214 4
741 955 1164 1015 1228 1
741 22 1287 1053 1876 1
741 70 1903 851 2116 4
741 70 2191 463 2220 4
741 961 2193 1007 2220 1
742 54 133 117 199 1
742 335 130 748 205 4
742 854 130 929 202 1
742 988 133 1042 202 1
742 19 303 1055 887 1
742 67 916 886 1055 4
742 72 1128 457 1174 4
742 957 1128 1013 1191 1
742 24 1253 1059 1836 1
742 65 1868 795 2011 4
742 67 2074 459 2128 4
742 955 2080 1019 2141 1
743 55 138 110 191 1
743 333 134 747 194 4
743 854 131 917 196 1
743 997 134 1031 194 1
743 22 293 1055 876 1
743 67 910 725 1055 4
743 72 1117 460 1167 4
743 957 1117 1012 1180 1
743 22 1243 1054 1828 1
743 64 1859 928 2009 4
743 70 2070 457 2114 4
743 957 2070 1015 2128 1
811 51 136 113 191 1
811 209 136 428 209 4
811 1 249 1080 850 1
811 44 891 353 1201 1
811 386 912 1019 1118 4
811 392 1151 494 1195 4
811 44 1287 351 1597 1
811 392 1301 978 1514 4
811 394 1543 559 1587 4
811 576 1541 628 1591 1
811 388 1701 1026 1841 4
811 395 1941 559 1980 4
811 580 1936 632 1986 1
811 44 1684 353 1993 1
811 59 2099 138 2180 1
811 249 2091 334 2176 1
811 499 2064 580 2147 1
811 749 2095 830 2176 1
811 940 2089 1026 2176 1
811 457 2153 622 2203 4
812 52 134 110 193 1
812 212 137 687 200 4
812 2 250 1080 850 1
812 48 895 349 1198 1
812 394 913 1013 1124 4
812 395 1148 556 1192 4
812 578 1146 631 1196 1
812 46 1291 349 1595 1
812 391 1306 980 1523 4
812 395 1548 558 1584 4
812 577 1541 631 1591 1
812 42 1684 351 1991 1
812 391 1698 1006 1909 4
812 395 1943 538 1984 4
812 563 1937 615 1985 1
812 60 2099 141 2178 1
812 252 2095 331 2177 1
812 499 2066 581 2143 1
812 460 2153 627 2205 4
812 748 2096 827 2175 1
812 942 2096 1027 2175 1
813 52 136 118 194 1
813 212 136 452 201 4
813 1 247 1080 851 1
813 46 893 351 1201 1
813 46 1293 349 1596 1
813 44 1684 352 1991 1
813 391 905 1007 1130 4
813 396 1151 578 1191 4
813 393 1304 1012 1520 4
813 394 1547 523 1588 4
813 551 1539 601 1589 1
813 391 1701 1009 1907 4
813 396 1941 572 1983 4
813 60 2097 146 2176 1
813 252 2094 334 2173 1
813 496 2064 586 2147 1
813 459 2151 626 2209 4
813 743 2099 826 2175 1
813 943 2096 1022 2176 1
814 47 134 115 191 1
814 215 136 367 205 4
814 1 247 1078 849 1
814 44 893 353 1203 1
814 44 1289 349 1595 1
814 44 1686 353 1991 1
814 394 911 978 968 4
814 394 1147 619 1191 4
814 636 1143 690 1197 1
814 394 1305 892 1443 4
814 388 1545 615 1587 4
814 638 1541 692 1591 1
814 394 1701 790 1759 4
814 386 1937 617 1984 4
814 638 1936 692 1987 1
814 59 2093 140 2178 1
814 251 2093 334 2176 1
814 499 2062 580 2145 1
814 747 2091 828 2176 1
814 940 2093 1026 2176 1
814 457 2151 624 2207 4
821 2 75 1078 689 1
821 16 713 454 780 4
821 947 718 1040 766 4
821 118 863 266 928 4
821 402 866 787 923 4
821 880 863 1080 924 4
821 40 1023 252 1085 4
821 580 1030 873 1070 4
821 923 1020 1028 1080 2
821 35 1097 452 1323 1
821 485 1135 697 1194 4
821 478 1363 1021 1575 4
821 483 1654 873 1875 4
821 478 1959 907 2054 4
821 61 2099 137 2178 1
821 247 2089 337 2180 1
821 442 2097 540 2180 1
821 685 2063 785 2144 1
821 664 2154 811 2204 4
821 940 2089 1026 2175 1
821 26 1653 470 1926 1
821 36 1362 463 1612 1
822 2 81 1080 690 1
822 18 715 1039 776 4
822 1 868 125 920 4
822 264 868 643 922 4
822 741 868 962 922 4
822 47 1022 255 1086 4
822 573 1030 873 1078 4
822 920 1018 1030 1083 2
822 36 1110 449 1389 1
822 38 1412 447 1688 1
822 36 1712 452 1988 1
822 34 2014 452 2051 1
822 483 1126 1017 1339 4
822 480 1428 1017 1634 4
822 478 1722 1001 1859 4
822 502 2025 833 2052 4
822 60 2094 136 2180 1
822 251 2093 331 2178 1
822 443 2091 528 2175 1
822 694 2065 778 2143 1
822 943 2096 1018 2175 1
823 1 139 1080 630 1
823 17 715 1012 786 4
823 123 868 268 925 4
823 401 868 786 923 4
823 884 864 1080 923 4
823 44 1023 254 1088 4
823 573 1025 875 1080 4
823 922 1014 1033 1083 2
823 33 1110 454 1393 1
823 480 1120 864 1183 4
823 480 1425 846 1555 4
823 31 1407 452 1693 1
823 33 1710 452 1988 1
823 483 1726 1012 1941 4
823 488 2028 841 2054 4
823 64 2099 138 2180 1
823 254 2096 333 2175 1
823 444 2093 528 2175 1
823 694 2059 778 2143 1
823 944 2089 1026 2178 1
823 664 2147 805 2201 4
831 49 136 119 195 1
831 255 136 374 193 4
831 969 134 1024 193 1
831 44 291 353 601 1
831 392 307 1001 520 4
831 390 549 528 589 4
831 549 545 605 593 1
831 44 689 351 999 1
831 392 705 992 916 4
831 392 947 561 989 4
831 582 941 636 993 1
831 44 1089 353 1403 1
831 388 1107 926 1251 4
831 394 1347 559 1391 4
831 582 1343 638 1391 1
831 42 1487 353 1797 1
831 395 1503 982 1714 4
831 397 1741 517 1793 4
831 45 1887 353 2195 1
831 392 1907 990 2037 4
831 394 2145 561 2186 4
831 582 2139 634 2189 1
832 52 138 115 193 1
832 257 138 384 197 4
832 970 139 1025 191 1
832 44 293 352 601 1
832 394 314 1010 517 4
832 394 547 483 591 4
832 43 693 347 997 1
832 393 709 949 917 4
832 394 946 515 993 4
832 43 1091 352 1399 1
832 393 1109 923 1325 4
832 396 1351 526 1386 4
832 549 1343 604 1391 1
832 43 1489 352 1797 1
832 393 1504 904 1714 4
832 397 1746 483 1788 4
832 43 1889 351 2194 1
832 391 1907 991 2112 4
832 393 2144 486 2186 4
833 54 139 109 193 1
833 259 136 444 197 4
833 968 138 1023 193 1
833 43 293 352 601 1
833 389 307 949 525 4
833 393 549 517 597 4
833 44 693 354 1001 1
833 396 709 993 922 4
833 397 949 488 991 4
833 44 1091 354 1397 1
833 394 1107 1004 1315 4
833 394 1346 484 1391 4
833 393 1509 991 1712 4
833 393 1746 564 1791 4
833 583 1739 636 1793 1
833 46 1489 349 1793 1
833 44 1889 351 2193 1
833 394 1907 1018 2118 4
833 396 2147 562 2189 4
833 581 2141 638 2189 1
834 51 139 115 192 1
834 255 141 384 205 4
834 966 138 1023 193 1
834 44 287 351 596 1
834 396 303 996 507 4
834 398 542 484 585 4
834 45 687 352 991 1
834 394 705 1038 842 4
834 395 943 517 988 4
834 45 1087 349 1387 1
834 395 1103 1027 1310 4
834 395 1343 524 1388 4
834 44 1484 355 1792 1
834 391 1503 1008 1718 4
834 394 1739 563 1787 4
834 585 1735 635 1784 1
834 46 1887 352 2189 1
834 394 1900 1037 2107 4
834 395 2142 517 2184 4
911 44 149 109 197 1
911 197 147 428 209 4
911 875 143 931 204 1
911 1005 146 1030 197 1
911 43 294 734 449 4
911 46 523 323 572 4
911 783 299 1034 536 1
911 43 646 676 796 4
911 46 873 325 920 4
911 784 649 1034 883 1
911 49 994 734 1152 4
911 43 1164 712 1315 4
911 780 999 1034 1231 1
911 41 1391 751 1496 4
911 41 1504 759 1702 4
911 781 1391 1031 1625 1
911 46 1778 734 1943 4
911 783 1784 1034 2018 1
911 34 2126 712 2280 4
911 784 2132 1035 2340 1
911 44 2007 263 2056 4
912 46 147 109 193 1
912 197 149 504 209 4
912 873 142 930 203 1
912 1008 145 1030 199 1
912 43 297 719 448 4
912 45 466 763 665 4
912 782 301 1036 533 1
912 45 738 753 844 4
912 45 854 650 1058 4
912 784 745 1032 978 1
912 43 1129 725 1236 4
912 46 1248 763 1448 4
912 786 1133 1032 1367 1
912 46 1519 708 1626 4
912 45 1636 735 1837 4
912 784 1526 1035 1760 1
912 45 1912 752 2009 4
912 42 2027 724 2227 4
912 784 1915 1035 2147 1
912 46 2304 670 2340 4
912 781 2305 1033 2340 1
921 45 149 109 198 1
921 195 146 594 212 4
921 873 143 935 205 1
921 1008 146 1033 199 1
921 17 264 1062 817 1
921 49 860 926 963 4
921 53 993 267 1039 4
921 21 1089 1062 1643 1
921 46 1685 973 1782 4
921 48 1818 274 1866 4
921 24 1914 1055 2340 1
922 45 148 108 199 1
922 198 150 421 207 4
922 873 145 931 200 1
922 1006 146 1033 200 1
922 21 264 1060 818 1
922 49 860 908 905 4
922 49 939 251 985 4
922 22 1037 1059 1586 1
922 47 1630 917 1730 4
922 47 1764 272 1811 4
922 22 1865 1062 2340 1
923 46 146 109 197 1
923 197 149 580 210 4
923 873 146 933 201 1
923 1009 146 1030 197 1
923 20 262 1055 815 1
923 46 859 955 965 4
923 51 994 333 1039 4
923 22 1093 1052 1643 1
923 43 1684 1009 1786 4
923 49 1820 339 1867 4
923 23 1915 1059 2340 1
924 52 139 121 192 1
924 215 137 458 205 4
924 858 137 919 196 1
924 1003 137 1026 193 1
924 23 266 1059 868 1
924 49 916 1024 1024 4
924 56 1057 352 1103 4
924 23 1162 1058 1763 1
924 49 1807 927 1913 4
924 55 1953 259 2002 4
924 23 2057 1058 2340 1
925 53 139 117 187 1
925 215 139 459 206 4
925 856 134 919 195 1
925 1003 138 1027 193 1
925 20 267 1053 870 1
925 52 914 958 963 4
925 53 1002 283 1049 4
925 23 1106 1059 1707 1
925 52 1755 955 1857 4
925 55 1898 280 1945 4
925 23 2000 1056 2340 1
926 51 139 118 188 1
926 215 141 675 202 4
926 857 138 918 193 1
926 1002 134 1026 193 1
926 23 265 1055 868 1
926 51 915 944 1072 4
926 57 1112 281 1159 4
926 23 1218 1055 1820 1
926 51 1865 1026 1976 4
926 49 2007 283 2055 4
926 22 2115 1060 2340 1
927 52 141 118 189 1
927 214 141 678 207 4
927 857 133 918 194 1
927 1002 133 1026 193 1
927 22 278 1054 881 1
927 49 925 1009 1084 4
927 57 1128 280 1172 4
927 23 1231 1057 1834 1
927 51 1878 983 1989 4
927 52 2023 280 2070 4
927 20 2128 1060 2340 1
931 51 147 105 202 1
931 194 149 594 212 4
931 872 144 933 202 1
931 1007 146 1030 199 1
931 39 302 938 447 4
931 36 505 530 551 4
931 38 602 1041 1167 1
931 41 1181 1049 1446 4
931 426 1568 652 1622 4
932 49 147 107 199 1
932 194 147 594 216 4
932 870 139 936 203 1
932 1009 139 1034 203 1
932 34 297 1020 437 4
932 36 505 440 551 4
932 38 601 1044 1168 1
932 34 1180 1045 1374 4
932 430 1493 659 1541 4
933 51 145 105 199 1
933 194 145 590 212 4
933 865 143 940 205 1
933 1003 143 1036 199 1
933 36 301 1030 526 4
933 36 586 520 630 4
933 42 682 1040 1326 1
933 36 1337 1053 1462 4
933 430 1580 655 1628 4
934 53 137 117 191 1
934 215 136 655 209 4
934 855 130 922 201 1
934 999 132 1036 197 1
934 40 299 982 480 4
934 44 553 519 605 4
934 44 668 1038 1226 1
934 40 1241 1042 1557 4
934 407 1695 682 1751 4
935 59 138 110 193 1
935 210 138 646 205 4
935 852 133 923 197 1
935 1001 133 1026 202 1
935 38 297 944 660 1
935 41 754 660 799 4
935 43 857 1039 1420 1
935 43 1431 1036 1659 4
935 407 1799 678 1855 4
936 53 139 113 195 1
936 213 137 647 211 4
936 855 130 922 193 1
936 999 136 1028 195 1
936 38 299 959 666 4
936 44 739 522 799 4
936 42 857 1038 1380 1
936 42 1395 1036 1624 4
936 403 1762 676 1822 4
