140842 358 765 719 1119 1
140842 2 75 355 397 1
140842 362 75 1077 758 1
140842 2 409 358 765 1
140842 6 770 355 1109 1
140842 4 1131 358 1489 1
140842 370 1136 719 1482 1
140842 728 1143 1080 1482 1
140842 4 1507 362 1848 1
140842 367 1502 723 1841 1
140842 725 1502 1070 1843 1
140842 365 1865 709 2075 1
140842 726 1867 1080 2069 1
140842 53 2094 162 2187 1
140842 267 2097 377 2194 1
140842 487 2097 599 2187 1
140842 706 2104 806 2187 1
140842 923 2102 1021 2187 1
140842 726 772 1080 1123 1
140842 4 1867 358 2067 1