000169	917.338745	576.402466	982.575562	644.16394	1
000169	6.134723	98.702713	36.612309	153.647263	2
000169	36.250885	84.999573	115.764679	166.562363	2
000169	64.876312	1601.33374	475.403534	1653.883301	5
000169	62.801819	383.349548	485.861389	446.519348	5
000169	63.992096	1746.983521	219.750336	1792.605835	5
000169	131.743927	97.606323	301.5047	156.502731	5
000169	67.613159	1093.241211	467.347229	1152.579834	5
000169	49.256836	794.645508	484.041443	837.46814	5
000169	65.153519	924.588257	406.234375	978.199097	5
000169	64.894531	1425.071655	344.528748	1485.539917	5
000169	66.164658	1257.694946	516.713867	1319.060669	5
000169	61.821686	731.441833	275.993286	786.628601	5
000169	60.10672	559.886108	547.950317	616.629028	5
000169	64.261665	280.042969	147.751953	329.73175	5
000169	65.225174	221.950409	482.473328	275.244843	5
000169	60.162125	621.621216	570.433472	668.479004	5
000169	70.721313	448.377808	499.597534	498.62677	5
42 24 127 102 227 1
42 95 102 206 238 1
42 409 120 681 231 4
42 66 327 391 409 4
42 70 427 773 488 4
42 77 588 345 666 4
42 70 691 999 849 4
42 77 941 406 1024 4
42 77 1049 1006 1163 4
42 77 1252 359 1324 4
42 77 1352 1038 1484 4
42 84 1563 391 1645 4
42 74 1663 999 1827 4
42 70 1916 324 1995 4
42 74 2020 1031 2131 4
321 306 133 773 205 4
321 155 293 280 329 4
321 380 286 488 335 4
321 599 293 696 334 4
321 788 288 941 334 4
321 121 409 456 465 4
321 125 561 493 621 4
321 127 719 405 776 4
321 123 873 401 930 4
321 51 136 119 190 1
321 34 404 101 465 1
321 26 558 93 619 1
321 34 713 101 774 1
321 33 869 100 930 1
321 73 2226 133 2294 1
321 243 2225 315 2289 1
321 425 2226 480 2291 1
321 593 2231 660 2288 1
321 764 2226 838 2289 1
321 944 2230 1004 2291 1
321 64 2304 151 2333 4
321 223 2309 336 2334 4
321 409 2302 505 2338 4
321 554 2309 705 2336 4
321 726 2304 876 2338 4
321 922 2309 1031 2338 4