51 33 100 103 209 1
51 449 109 631 199 4
51 63 259 509 352 4
51 599 259 1013 356 4
51 38 416 313 488 4
51 45 545 284 627 4
51 38 699 309 770 4
51 38 838 338 899 4
51 38 963 441 1038 4
51 41 1106 274 1170 4
51 41 1249 284 1316 4
51 41 1388 238 1456 4
51 41 1516 327 1595 4
51 31 1641 363 1734 4
51 49 1795 324 1870 4
51 49 1934 324 2009 4
51 41 2074 409 2137 4
51 706 416 976 480 4
51 709 551 969 612 4
51 708 689 972 755 4
51 706 826 961 893 4
51 709 967 959 1030 4
51 704 1108 967 1170 4
51 710 1244 959 1309 4
51 719 1386 955 1447 4
51 705 1525 959 1584 4
51 705 1659 963 1720 4
51 708 1798 965 1859 4
51 706 1931 959 1995 4
51 709 2071 961 2137 4
51 113 101 219 201 1
51 992 411 1034 482 1
51 994 1513 1036 1584 1
51 994 1376 1036 1447 1
51 993 1238 1035 1309 1
51 992 1099 1034 1170 1
51 992 960 1034 1031 1
51 993 824 1035 895 1
51 992 691 1034 762 1
51 990 549 1032 620 1
51 992 1651 1034 1722 1
51 994 1789 1034 1864 1
51 992 1926 1036 1997 1
51 992 2066 1036 2136 1