202843 58 119 119 192 1
202843 211 128 658 197 4
202843 41 299 180 424 1
202843 223 372 280 421 1
202843 772 304 1038 358 1
202843 453 655 509 711 1
202843 902 655 970 709 1
202843 45 841 175 963 1
202843 50 1372 170 1504 1
202843 41 2011 177 2138 1
202843 226 2085 280 2136 1
202843 765 2019 1048 2072 1
202843 772 1375 1033 1433 1
202843 216 1448 282 1487 1
202843 223 916 280 958 1
202843 458 1841 502 1887 1
202843 902 1836 970 1885 1
202843 450 1192 514 1243 1
202843 906 1187 965 1236 1
202843 772 846 1038 892 1
202843 216 309 394 355 4
202843 287 377 484 428 4
202843 221 453 933 553 4
202843 302 653 443 714 4
202843 689 655 899 709 4
202843 216 838 362 894 4
202843 287 914 489 960 4
202843 216 977 855 1099 4
202843 306 1192 445 1236 4
202843 692 1202 894 1243 4
202843 221 1385 375 1424 4
202843 289 1446 514 1497 4
202843 216 1531 582 1741 4
202843 302 1831 441 1882 4
202843 694 1838 887 1882 4
202843 297 2082 494 2143 4
202843 216 2009 341 2075 4
202843 214 2160 950 2226 4
