511 192 142 520 213 4
511 164 288 350 347 4
511 407 288 677 347 4
511 727 291 1045 342 4
511 1 289 82 348 4
511 47 127 112 208 1
511 60 442 95 497 4
511 60 615 98 669 4
511 59 798 98 847 4
511 61 975 100 1024 4
511 57 1148 96 1197 4
511 59 1325 98 1374 4
511 55 1501 94 1550 4
511 58 1679 97 1728 4
511 57 1853 96 1902 4
511 50 2030 103 2079 4
511 50 2198 103 2247 4
511 293 420 353 473 4
511 291 479 449 529 4
511 294 654 452 704 4
511 293 589 710 646 4
511 294 765 606 823 4
511 297 832 455 882 4
511 296 1011 454 1061 4
511 294 1181 452 1231 4
511 293 1359 451 1409 4
511 296 1539 454 1589 4
511 295 1716 453 1766 4
511 293 1890 451 1940 4
511 149 414 271 531 1
511 149 588 271 705 1
511 150 767 272 884 1
511 148 944 270 1061 1
511 147 1117 269 1234 1
511 151 1293 273 1410 1
511 147 1470 269 1587 1
511 149 1644 271 1761 1
511 149 1820 271 1937 1
511 146 1992 268 2109 1
511 151 2166 269 2245 1
511 296 2178 573 2228 4
511 294 1994 448 2053 4
511 295 1825 609 1883 4
511 298 1645 685 1701 4
511 296 1467 708 1529 4
511 293 1289 490 1349 4
511 295 1114 570 1175 4
511 294 941 593 1004 4
511 964 440 1040 496 1
511 965 616 1041 672 1
511 965 796 1041 852 1
511 965 971 1041 1027 1
511 963 1325 1039 1381 1
511 966 1500 1042 1556 1
511 962 1672 1038 1728 1
511 965 1851 1041 1907 1
511 967 2027 1043 2083 1
511 968 2197 1044 2253 1
511 155 2274 923 2316 4