000169	917.338745	576.402466	982.575562	644.16394	1
000169	6.134723	98.702713	36.612309	153.647263	2
000169	36.250885	84.999573	115.764679	166.562363	2
000169	64.876312	1601.33374	475.403534	1653.883301	5
000169	62.801819	383.349548	485.861389	446.519348	5
000169	63.992096	1746.983521	219.750336	1792.605835	5
000169	131.743927	97.606323	301.5047	156.502731	5
000169	67.613159	1093.241211	467.347229	1152.579834	5
000169	49.256836	794.645508	484.041443	837.46814	5
000169	65.153519	924.588257	406.234375	978.199097	5
000169	64.894531	1425.071655	344.528748	1485.539917	5
000169	66.164658	1257.694946	516.713867	1319.060669	5
000169	61.821686	731.441833	275.993286	786.628601	5
000169	60.10672	559.886108	547.950317	616.629028	5
000169	64.261665	280.042969	147.751953	329.73175	5
000169	65.225174	221.950409	482.473328	275.244843	5
000169	60.162125	621.621216	570.433472	668.479004	5
000169	70.721313	448.377808	499.597534	498.62677	5
007332	973.504333	285.388977	1040.364868	358.095764	1
007332	40.421387	1117.069946	149.547363	1182.874146	2
007332	41.156174	97.229446	90.37825	149.939499	2
007332	974.752502	87.468903	1059.904907	172.325348	2
007332	963.695862	1113.998535	1035.135376	1184.948242	2
007332	573.978027	1313.509521	1055.425171	1784.589111	2
007332	34.748047	1346.986816	549.560974	1755.385498	2
007332	55.673523	505.7547	513.899475	1122.800537	2
007332	483.883423	522.282227	1080	1100.314697	2
007332	874.557617	300.73114	936.037109	345.750977	2
007332	697.322327	122.317596	745.055847	148.338867	2
007332	719.097229	293.513306	831.085999	360.691589	3
007332	437.603973	1113.863037	509.471344	1185.216309	4
007332	957.104858	1244.903931	1052.123779	1293.498169	5
007332	76.886894	298.101807	238.829742	355.423096	5
007332	333.764404	101.125229	719.251221	155.218079	5
007332	35.005219	210.108246	756.961914	252.264435	5
007332	566.988464	1121.54126	682.549744	1176.531494	5
007332	399.435181	299.803284	543.477356	351.117249	5
007332	423.00589	1246.260742	517.497742	1298.459961	5
004759	922.018127	387.583801	990.339294	450.121887	1
004759	42.157906	99.690903	113.772331	168.905014	2
004759	75.320335	251.460587	288.986572	299.795166	5
004759	88.282898	347.120117	469.596436	397.320984	5
004759	88.042404	582.363281	388.572571	636.084839	5
004759	158.980484	103.844002	402.547852	165.981674	5
004759	102.540802	408.708862	874.16626	492.419678	5
713 44 136 120 191 1
713 390 136 428 189 1
713 430 136 695 187 4
713 857 134 922 197 1
713 995 134 1030 195 1
713 26 287 1059 872 1
713 65 903 894 1122 4
713 99 1191 345 1241 4
713 415 1191 688 1247 4
713 959 1184 1015 1247 1
713 20 1305 542 1803 1
713 542 1309 1059 1893 1
713 69 1826 520 1878 4
713 67 1924 901 2061 4
713 32 2170 92 2205 4
713 286 2168 361 2201 4
713 497 2166 580 2203 4
713 711 2166 803 2203 4
713 907 2168 1036 2203 4
713 78 2086 138 2155 1
713 292 2089 355 2147 1
713 497 2086 582 2149 1
713 728 2087 788 2151 1
713 936 2082 1007 2145 1